eval_Variation2_10_5_10_10_6

---------------------------- Model ----------------------
TensorFlow version: 1.13.1
TF Keras version: 2.2.4-tf
Model Loaded: True
Learning Rate: 0.001
Activation Function: sigmoid

-------------------- Results --------------------
Number of tests: 120
Mean reward: 0.132,	 Mean steps: 9.9,	 Mean distance: 292.1,	 Avg Accuracy: 0.927
Distances: 
[  0. ,  69.5, 110.9, 134.3, 160.7, 192.3, 224.9, 256.6, 280.1, 304.9,
 325.6, 348.6, 371.1, 390. , 410.8]
Accuracy:
[0.477, 0.682, 0.787, 0.833, 0.864, 0.889, 0.91 , 0.927, 0.938, 0.948,
 0.961, 0.966, 0.972, 0.976, 0.978]
View Distribution
[0.   , 0.   , 0.   , 0.042, 0.   , 0.   , 0.133, 0.   , 0.   , 0.   ,
 0.042, 0.   , 0.   , 0.175, 0.083, 0.217, 0.375, 0.325, 0.292, 0.075,
 0.   , 0.   , 0.3  , 0.458, 0.   , 0.   , 0.017, 0.35 , 0.   , 0.025,
 0.308, 1.   , 0.   , 0.033, 0.558, 0.175, 0.408, 0.15 , 0.025, 0.375,
 0.008, 0.   , 0.033, 0.583, 0.067, 0.292, 0.075, 0.225, 0.383, 0.4  ,
 0.   , 0.05 , 0.067, 0.108, 0.008, 0.017, 0.008, 0.   , 0.   , 0.325,
 0.   , 0.233, 0.025, 0.292, 0.242, 0.   , 0.058, 0.108, 0.142, 0.   ,
 0.   , 0.058, 0.35 , 0.275, 0.   , 0.008, 0.   , 0.033, 0.117, 0.   ,
 0.   , 0.   , 0.   , 0.   , 0.017, 0.   , 0.   , 0.017, 0.   , 0.   ,
 0.   , 0.   , 0.   , 0.   , 0.   , 0.   , 0.   , 0.017, 0.317, 0.017]