eval_MainArchitecture_12_5_12_10_5

---------------------------- Model ----------------------
TensorFlow version: 1.13.1
TF Keras version: 2.2.4-tf
Model Loaded: True
Learning Rate: 0.001
Activation Function: sigmoid

-------------------- Results --------------------
Number of tests: 120
Mean reward: 0.130,	 Mean steps: 10.1,	 Mean distance: 327.5,	 Avg Accuracy: 0.923
Distances: 
[  0. ,  70.4, 106.7, 130.8, 157.4, 187.7, 223.6, 257.9, 291.3, 329.2,
 360. , 389.9, 423.7, 451.8, 479.8]
Accuracy:
[0.477, 0.696, 0.8  , 0.835, 0.856, 0.88 , 0.895, 0.91 , 0.923, 0.941,
 0.955, 0.963, 0.97 , 0.975, 0.98 ]
View Distribution
[0.   , 0.   , 0.   , 0.025, 0.   , 0.   , 0.042, 0.   , 0.   , 0.383,
 0.275, 0.217, 0.458, 0.35 , 0.   , 0.175, 0.   , 0.433, 0.242, 0.092,
 0.   , 0.008, 0.233, 0.108, 0.05 , 0.008, 0.667, 0.108, 0.   , 0.142,
 0.292, 1.   , 0.008, 0.025, 0.417, 0.242, 0.358, 0.208, 0.267, 0.058,
 0.008, 0.   , 0.075, 0.15 , 0.025, 0.142, 0.092, 0.067, 0.35 , 0.542,
 0.025, 0.217, 0.125, 0.133, 0.083, 0.05 , 0.   , 0.008, 0.092, 0.083,
 0.017, 0.092, 0.092, 0.058, 0.217, 0.   , 0.008, 0.092, 0.092, 0.017,
 0.083, 0.025, 0.358, 0.117, 0.   , 0.   , 0.058, 0.   , 0.058, 0.   ,
 0.067, 0.   , 0.   , 0.017, 0.   , 0.   , 0.   , 0.025, 0.   , 0.017,
 0.   , 0.008, 0.017, 0.05 , 0.   , 0.033, 0.   , 0.025, 0.233, 0.092]