eval_Variation2_12_5_12_10_5

---------------------------- Model ----------------------
TensorFlow version: 1.13.1
TF Keras version: 2.2.4-tf
Model Loaded: True
Learning Rate: 0.001
Activation Function: sigmoid

-------------------- Results --------------------
Number of tests: 120
Mean reward: 0.103,	 Mean steps: 10.9,	 Mean distance: 307.3,	 Avg Accuracy: 0.926
Distances: 
[  0. ,  62.1, 106.8, 131.3, 157.3, 185.2, 210.2, 236.2, 260.3, 288.7,
 314.7, 339.6, 363.6, 386.6, 408.7]
Accuracy:
[0.477, 0.654, 0.788, 0.834, 0.862, 0.886, 0.902, 0.914, 0.923, 0.936,
 0.946, 0.955, 0.963, 0.966, 0.969]
View Distribution
[0.   , 0.   , 0.   , 0.058, 0.   , 0.   , 0.   , 0.   , 0.   , 0.283,
 0.275, 0.008, 0.042, 0.033, 0.225, 0.475, 0.   , 0.067, 0.042, 0.325,
 0.   , 0.   , 0.492, 0.008, 0.358, 0.   , 0.533, 0.317, 0.167, 0.033,
 0.733, 1.   , 0.   , 0.   , 0.192, 0.483, 0.075, 0.208, 0.   , 0.408,
 0.017, 0.   , 0.   , 0.85 , 0.033, 0.042, 0.025, 0.033, 0.517, 0.233,
 0.   , 0.142, 0.092, 0.   , 0.   , 0.   , 0.058, 0.117, 0.092, 0.125,
 0.042, 0.458, 0.033, 0.608, 0.317, 0.   , 0.025, 0.133, 0.033, 0.   ,
 0.   , 0.   , 0.425, 0.067, 0.008, 0.   , 0.   , 0.017, 0.05 , 0.   ,
 0.   , 0.   , 0.   , 0.   , 0.   , 0.042, 0.   , 0.   , 0.008, 0.   ,
 0.   , 0.   , 0.   , 0.   , 0.025, 0.05 , 0.   , 0.042, 0.283, 0.   ]