eval_MainArchitecture_10_5_10_10_6

---------------------------- Model ----------------------
TensorFlow version: 1.13.1
TF Keras version: 2.2.4-tf
Model Loaded: True
Learning Rate: 0.001
Activation Function: sigmoid

-------------------- Results --------------------
Number of tests: 120
Mean reward: 0.151,	 Mean steps: 9.5,	 Mean distance: 320.5,	 Avg Accuracy: 0.931
Distances: 
[  0. ,  62.2, 105.9, 136.2, 166.9, 197. , 226.9, 262.5, 299.3, 336.3,
 375.5, 407.9, 446.2, 473.8, 511.4]
Accuracy:
[0.477, 0.651, 0.77 , 0.831, 0.867, 0.894, 0.908, 0.925, 0.937, 0.952,
 0.966, 0.971, 0.978, 0.983, 0.988]
View Distribution
[0.   , 0.   , 0.008, 0.108, 0.   , 0.   , 0.117, 0.   , 0.   , 0.033,
 0.308, 0.1  , 0.058, 0.067, 0.042, 0.1  , 0.283, 0.042, 0.233, 0.05 ,
 0.008, 0.008, 0.275, 0.483, 0.   , 0.017, 0.458, 0.1  , 0.1  , 0.083,
 0.55 , 1.   , 0.008, 0.117, 0.125, 0.208, 0.025, 0.033, 0.042, 0.383,
 0.008, 0.   , 0.092, 0.125, 0.083, 0.217, 0.425, 0.233, 0.083, 0.025,
 0.017, 0.133, 0.   , 0.092, 0.158, 0.025, 0.025, 0.008, 0.175, 0.075,
 0.075, 0.075, 0.05 , 0.067, 0.183, 0.008, 0.042, 0.108, 0.008, 0.008,
 0.108, 0.358, 0.183, 0.217, 0.017, 0.008, 0.067, 0.05 , 0.283, 0.133,
 0.025, 0.   , 0.008, 0.   , 0.008, 0.05 , 0.1  , 0.008, 0.008, 0.017,
 0.   , 0.   , 0.075, 0.058, 0.025, 0.025, 0.   , 0.058, 0.167, 0.258]