eval_70Arch2_10_5_10_10_6

---------------------------- Model ----------------------
TensorFlow version: 1.13.1
TF Keras version: 2.2.4-tf
Model Loaded: True
Learning Rate: 0.001
Activation Function: sigmoid

-------------------- Results --------------------
Number of tests: 120
Mean reward: 0.156,	 Mean steps: 8.8,	 Mean distance: 312.9,	 Avg Accuracy: 0.929
Distances: 
[  0. ,  76.4, 107.9, 137. , 166.4, 199.2, 237.6, 280.2, 324.2, 368.3,
 402.3, 438.9, 467.5, 514.4, 552. ]
Accuracy:
[0.467, 0.7  , 0.793, 0.845, 0.874, 0.892, 0.911, 0.932, 0.949, 0.961,
 0.974, 0.98 , 0.984, 0.988, 0.99 ]
View Distribution
[0.   , 0.   , 0.   , 0.025, 0.008, 0.258, 0.075, 0.442, 0.008, 0.083,
 0.392, 0.267, 0.417, 0.   , 0.233, 0.083, 0.017, 0.008, 0.033, 0.075,
 0.35 , 0.192, 0.467, 0.2  , 0.017, 0.008, 0.317, 0.242, 0.008, 0.125,
 0.117, 1.   , 0.   , 0.008, 0.175, 0.117, 0.117, 0.225, 0.033, 0.008,
 0.033, 0.075, 0.05 , 0.4  , 0.292, 0.425, 0.525, 0.225, 0.   , 0.   ,
 0.333, 0.225, 0.008, 0.175, 0.   , 0.025, 0.   , 0.042, 0.   , 0.017,
 0.008, 0.   , 0.008, 0.033, 0.058, 0.058, 0.017, 0.025, 0.258, 0.3  ]