eval_70Arch0_10_5_10_10_6

---------------------------- Model ----------------------
TensorFlow version: 1.13.1
TF Keras version: 2.2.4-tf
Model Loaded: True
Learning Rate: 0.001
Activation Function: sigmoid

-------------------- Results --------------------
Number of tests: 120
Mean reward: 0.169,	 Mean steps: 8.2,	 Mean distance: 300.0,	 Avg Accuracy: 0.930
Distances: 
[  0. ,  75. , 113.9, 144.2, 178.8, 212.4, 250.9, 294.6, 336.8, 376.2,
 411.2, 442.9, 478.5, 508.5, 560.4]
Accuracy:
[0.467, 0.69 , 0.796, 0.849, 0.876, 0.904, 0.924, 0.942, 0.962, 0.972,
 0.98 , 0.986, 0.99 , 0.991, 0.992]
View Distribution
[0.   , 0.   , 0.   , 0.058, 0.   , 0.142, 0.125, 0.017, 0.383, 0.075,
 0.   , 0.492, 0.483, 0.   , 0.225, 0.108, 0.075, 0.033, 0.017, 0.083,
 0.267, 0.092, 0.083, 0.292, 0.367, 0.117, 0.283, 0.242, 0.075, 0.   ,
 0.092, 1.008, 0.   , 0.025, 0.225, 0.042, 0.283, 0.125, 0.033, 0.008,
 0.108, 0.083, 0.217, 0.542, 0.05 , 0.267, 0.367, 0.258, 0.   , 0.   ,
 0.292, 0.125, 0.   , 0.05 , 0.   , 0.008, 0.017, 0.067, 0.033, 0.017,
 0.058, 0.   , 0.008, 0.092, 0.008, 0.05 , 0.008, 0.025, 0.308, 0.125]