eval_70Arch2_12_5_12_10_5

---------------------------- Model ----------------------
TensorFlow version: 1.13.1
TF Keras version: 2.2.4-tf
Model Loaded: True
Learning Rate: 0.001
Activation Function: sigmoid

-------------------- Results --------------------
Number of tests: 120
Mean reward: 0.156,	 Mean steps: 8.9,	 Mean distance: 313.4,	 Avg Accuracy: 0.926
Distances: 
[  0. ,  68.3, 109.4, 138.7, 170.2, 201.6, 232. , 270.2, 311.3, 354.8,
 395.3, 439. , 470.9, 511.1, 544.5]
Accuracy:
[0.467, 0.675, 0.793, 0.855, 0.883, 0.904, 0.921, 0.934, 0.945, 0.959,
 0.969, 0.976, 0.981, 0.986, 0.989]
View Distribution
[0.   , 0.   , 0.   , 0.108, 0.017, 0.117, 0.017, 0.   , 0.342, 0.075,
 0.5  , 0.15 , 0.208, 0.   , 0.15 , 0.042, 0.383, 0.008, 0.35 , 0.158,
 0.1  , 0.142, 0.075, 0.208, 0.092, 0.15 , 0.392, 0.225, 0.025, 0.125,
 0.217, 1.008, 0.   , 0.125, 0.2  , 0.167, 0.017, 0.275, 0.   , 0.15 ,
 0.125, 0.025, 0.15 , 0.367, 0.333, 0.225, 0.25 , 0.392, 0.   , 0.   ,
 0.45 , 0.35 , 0.   , 0.017, 0.   , 0.017, 0.   , 0.008, 0.   , 0.008,
 0.025, 0.025, 0.083, 0.017, 0.   , 0.05 , 0.025, 0.15 , 0.158, 0.317]