eval_70Arch0_12_5_12_10_5

---------------------------- Model ----------------------
TensorFlow version: 1.13.1
TF Keras version: 2.2.4-tf
Model Loaded: True
Learning Rate: 0.001
Activation Function: sigmoid

-------------------- Results --------------------
Number of tests: 120
Mean reward: 0.168,	 Mean steps: 8.1,	 Mean distance: 276.7,	 Avg Accuracy: 0.925
Distances: 
[  0. ,  57.5,  98.4, 132.1, 161.8, 195.3, 232.1, 270.4, 312.7, 350.8,
 387.8, 420.3, 462.7, 498.1, 540.9]
Accuracy:
[0.467, 0.628, 0.752, 0.836, 0.87 , 0.906, 0.934, 0.947, 0.963, 0.973,
 0.981, 0.986, 0.989, 0.99 , 0.992]
View Distribution
[0.   , 0.   , 0.   , 0.158, 0.008, 0.1  , 0.283, 0.   , 0.383, 0.042,
 0.117, 0.433, 0.092, 0.008, 0.167, 0.033, 0.283, 0.05 , 0.117, 0.258,
 0.475, 0.075, 0.1  , 0.1  , 0.117, 0.275, 0.25 , 0.083, 0.017, 0.067,
 0.133, 1.   , 0.   , 0.033, 0.042, 0.042, 0.017, 0.533, 0.025, 0.   ,
 0.117, 0.033, 0.25 , 0.2  , 0.325, 0.45 , 0.292, 0.25 , 0.017, 0.   ,
 0.208, 0.142, 0.   , 0.125, 0.025, 0.008, 0.   , 0.   , 0.042, 0.008,
 0.   , 0.   , 0.017, 0.025, 0.025, 0.   , 0.108, 0.217, 0.175, 0.108]